0	10
92.30076092696491 84.41415187512118 90.05386813519561 53.417052347337545 85.6666802390285 40.006442077955214
72.60748735573037 80.79297255380305 87.34414381886953 93.12399872846409 65.37296914609398 31.037334445661962
92.23496917587615 31.875011097050727 76.53514780272367 92.01622190979536 77.08626753834656 28.421583243503527
84.51720082150922 56.37234445080175 89.29257168082384 80.22798281892429 79.61817788993218 25.287483804299743
92.38737625048574 75.82688400010912 73.63781525570121 86.04371452527232 81.42148712448294 27.95711961014113
75.92365283702861 80.36269401339086 62.85104292627622 92.05065072441903 92.24442401963847 25.13933011768792
53.94919676621056 94.09710150643407 95.95814463577322 60.80375680410017 85.49288364743958 23.796641714461416
60.339712621138744 78.54010416416556 88.14958128629574 89.13731984337429 88.86099521598717 25.354638671212196
79.33037876102628 78.20424834721439 86.17801532184838 53.6624095353273 94.58127587301978 31.558948787131616
63.08511850741922 66.3293064008611 75.34798024207619 81.19195323464942 65.98511776675078 22.647888639786814
1	8
5.277822956761573 23.82163062390677 83.37930367445689 51.644711633581565 38.046501881328325 23.05728759678318
11.043595981431247 38.844555943951406 49.939351931193805 55.85088321544446 50.79532869956942 27.77158133739298
17.11438466138338 15.321683693010634 46.48380885783138 79.96189860314473 37.955741742805756 25.978644545252145
24.75846965073778 29.821711251354838 62.7594686424266 80.48831746927786 52.560730202725175 25.651845215956605
2.917479888541704 52.525852884209336 36.57106605333882 54.61019787052505 78.27039509340453 17.278106337666056
31.086883575847548 10.90652387699984 56.51479409996741 60.54565536357497 57.13520104083174 24.976074372255205
17.544507277711805 19.778570837412442 52.12985442955093 86.76218587723768 74.8333866932871 29.082958527524813
6.392629758017841 13.597338248239858 34.22473967373495 80.82405618092027 49.370972297230615 20.84009288621604
2	13
78.9887101309857 90.85140730952085 41.89411015990389 86.88553254965099 31.293148967220866 26.61398748034282
78.46511430358906 67.77598632481649 52.19014783686873 91.46283206114872 33.41748073498181 19.988117942030218
61.437756097505606 79.8642976778134 35.770622193447736 86.77560453989891 27.09260729230754 24.96218188367828
91.38157625967055 81.50255734573389 11.085349246782046 53.941551279196034 18.014438198278945 23.797398231906282
68.34855724059354 90.12685210795154 29.031216380374946 52.85966847967264 39.26001626080006 22.010210130846215
64.49534250657605 89.5268865903566 10.303909352772884 60.519794215341506 23.447041021536908 25.29980592990424
82.7498108745492 85.3863681923385 9.806753201865023 93.13105706184723 55.114334918715166 26.61877140784192
90.68303450683179 78.70356715343532 28.474350021532622 60.75859492393928 22.17702887150075 26.803284877318305
83.40008473234319 77.40997772019304 6.1760293224009875 86.00985242093981 14.37346684984598 35.51605356372204
89.92851661816049 67.29939514164157 19.368507339704532 94.34358302381969 25.60331979439052 41.019360840684925
87.71413360185969 93.81074736788591 21.38902054167131 58.55708870352191 43.6865706816218 29.674624209651146
89.05973452675134 91.68615119319922 54.875801294112314 79.89953343238908 58.448842449363575 30.291446575653183
45.171902242311496 86.29132657728718 16.150052922605617 85.5024110392896 38.95400894052171 29.77712589950719
3	23
21.758947645033345 34.74417441608087 22.683197826306703 67.22329745683132 33.18764977784887 25.5076413060588
12.521054916258139 49.770579416524065 17.343289624760647 91.1531679104109 58.15830121132026 24.06540694745658
23.047720582584475 30.804362369192194 37.43764040332697 89.1963938086103 10.01029006949283 14.327870513297258
15.505240877431723 42.704079370420054 54.05751323673708 84.39998442704493 53.48073345555595 24.7367229742551
25.85937912851134 54.39017318333744 40.18592489190144 74.42894191016431 37.483696345551124 26.242680831332432
23.211594608628054 34.88702945970968 35.601315253740815 90.81673990312994 44.01522922357912 19.854921014931463
5.765380209845989 47.98435974636844 67.132176336611 78.60182224805062 30.09752850774342 25.579044541867102
55.823339880481775 60.5425830405106 40.46813321584171 89.3640484101679 39.18664320077298 23.04756794215533
34.18856823360839 19.860245992447766 35.13809067967585 82.47864208961738 47.82676094839998 22.52117950504523
12.536086798329832 43.74336426660579 43.92177018148172 85.73713089010619 16.789097796577376 25.7062264400916
35.373578168427144 86.21122822189692 16.593612092986135 78.36475918808493 12.740944661275158 30.177990521075557
31.42558363897891 72.99101961286131 10.257246798382218 84.02449069183483 50.01926257265369 23.134888205653724
39.477863842880694 51.985917602548575 32.16193121798855 68.99009393194405 14.690875120423723 25.121061964894874
44.68241488936582 40.05824811667873 55.29879453176804 70.25298097665426 40.43843658002547 22.824759078417625
35.49151953272091 68.21845700237446 4.415046702470033 82.42419801033249 31.107276390703852 19.182249958063267
20.5959618357899 66.36482435373846 40.404604689277654 86.86718551538593 35.37478533629318 23.065737449698705
18.260271866073587 17.437002016964435 31.454178053433825 95.94718995317157 58.80241417737163 24.73506985075846
42.58845158954408 54.202786087184904 39.665740532653935 64.65597646077646 37.63398848137878 23.07981865084113
47.75164195951198 39.45518032276075 10.776542970643904 88.06173952418368 41.080091259046874 20.618277591201917
16.340016767747763 86.92022852377855 26.065666282710133 82.08698054444928 6.713915965438651 29.91096275443631
16.167606868680295 65.28331007162018 20.741326014945166 81.063922042172 13.221450215210064 23.266503895222396
34.41758432379888 66.24739715999033 11.249075413886882 94.60340951815759 19.47124381840646 24.542074579077028
21.505832361452406 23.866861574811576 25.21023092701394 87.93701574591832 10.555618406847989 30.19416195149264
4	7
88.16376533126214 36.01632926454458 24.145634394497783 12.937013688714908 36.7400896882735 24.79443688305518
72.68935782672675 36.90180925145483 40.44479197381316 3.4466956834897164 40.29027452885635 19.319042489393592
81.43161590108217 49.70249254365205 34.14715715138877 5.377910862268796 56.663886126175946 23.889814071882796
72.5990190309841 24.359697575758748 40.59426984572 13.347563400057538 49.93059604008809 22.578110022632064
68.59701610000874 19.59556246566874 52.229092414629136 8.45075871681832 22.322689010724392 26.508816901231334
46.67057809888988 29.682376335568136 41.894573322277544 17.73859692548546 35.73627200175876 25.270201605934478
55.995434321183474 8.215136522492637 16.062100073995083 17.27634194533895 41.54112173707671 29.8165565120285
5	16
81.06817754757796 80.44317993241656 94.77010620200471 76.60583138313064 37.75167661446281 21.692126140012295
66.15720375634035 94.6992937610102 86.13000270418094 79.01256231176814 9.03311360944086 11.021260340148883
77.34190712167103 84.49293159361446 65.19621273252356 79.83523977903279 23.53399703815493 30.895835334221736
88.32943092573946 93.18619238310791 89.4877119796615 72.2349658889456 31.08998048349424 18.41375463687313
88.4183179134827 79.88968878353971 85.43010003444007 84.80616197755378 13.261592573926203 23.88780449428046
49.595603208574644 90.77922163517809 89.52522483255704 65.56339855423747 21.59666342223447 23.791980133114663
87.71281102007147 65.72592154786717 54.04385969193746 90.59733341009293 14.392742324561594 25.31049820946556
79.4866488638885 68.47564218190149 86.89323314379136 89.38029698399285 38.63981854450921 26.70116127055845
84.81315185971792 95.7757667055649 89.72482537939746 90.75694830018674 40.27549384341091 19.27493994962917
95.15576671496737 97.67421346447958 73.33307384185917 68.77436137567527 29.547790809844784 20.67267132278076
73.51304843719413 79.34748506945476 94.61974906871032 96.41731297791513 6.274917669805963 19.21620229893351
54.458361393183225 75.72832976969428 73.01556672130216 63.18318417249815 34.73329432964246 29.986571049263205
89.51146689456618 56.29408308031838 62.663070654546424 89.26556312088874 38.12791817032736 26.482437556956846
71.82561128458283 91.79310776369647 63.00108789864086 63.925690218977955 29.41976123559899 21.296418580570904
88.21637516885006 85.48779902296894 49.124050709882674 65.92604865863792 5.680031302667513 26.476125453617293
81.9113403917207 70.38925233398076 56.02204575055038 75.46199888546236 50.098599429526935 22.486249989086417
6	9
95.81454104289668 42.74957217449511 59.60466444304403 13.768454672238276 7.936441690515275 23.201706420266706
75.84697355273354 72.96671934383646 82.77103512418196 19.10566683003653 15.881733070357418 22.408411185021098
77.6744130243534 50.44362939260521 93.44082768868833 8.403329911844095 36.040601843439234 29.28106930850495
94.93077595726899 82.6051697891243 61.59093594080872 25.375272701037968 22.33054985011363 29.73746466345639
75.98475107229397 54.63022907444375 74.25608370049136 17.895018176096045 15.508833811385689 25.684765993637697
61.995065867006744 53.884582161858 84.962101018857 24.499367371399163 38.90303652293373 23.229463693563233
54.23103435688863 73.69423248701429 76.69331149837082 6.566434748190677 9.473361392323387 28.76195614618605
68.74383610143143 44.64039141690404 88.3893881228846 5.758901868970078 12.140738554279775 18.840493117175367
91.00106341394317 66.63082850129489 73.37085611446376 13.563733833518054 13.809802113227757 32.19258572107839
7	11
67.49131090863143 24.63948934121201 26.307506540113263 89.40911817928558 26.94579414802091 31.294281783144083
51.2180752001129 23.27785828965527 19.662089160829265 63.8448821238198 23.287793803648903 21.06126876044716
91.34605079069837 12.421876130543474 35.396221608769466 87.67546414530345 17.827180856765427 30.88066519954847
57.753141404973334 40.69113831604194 10.401574135424287 78.3580401206168 8.755898513229921 26.399251224457405
33.32269016622742 15.398954201647758 7.455225578333817 87.34795021214693 21.91611334349041 27.97978480431674
76.90337348604413 4.436304147120933 12.887941620429915 83.49281036883963 35.13085958176921 29.167483395688524
82.83683566098334 10.084493098854608 8.52603381848491 82.38962048949864 63.1013570336814 26.457868289242025
76.1211913199169 21.255795152479074 1.4298524474569587 88.11490727272563 35.74493773065763 21.403639803006683
62.01001047811892 8.941493627239101 19.317053326239385 68.94305580318108 31.817953533382237 23.821702319967596
65.35833196605017 22.831604110670025 13.61915758409517 74.74484239171207 43.40134923169445 26.59658522604265
60.771310282369015 11.741751667413606 23.607357045748184 89.24858777796855 63.49033551540122 26.258008104043743
8	19
12.399140045503689 46.6357750836009 34.27976055929344 81.14825799489608 94.57873016070342 26.67790646156915
43.41920953449493 54.57743428752309 63.04035264060753 85.48297609339255 87.39771773267337 24.78678483049058
36.13084638083343 69.37316982168522 62.5573724001911 52.840179878992174 84.9983194021284 22.57064728532392
61.67676658003809 42.078884065548024 29.246769473163226 49.16761468311343 95.67324691515863 21.855183110476155
52.081459926355386 23.40689356758914 57.455736389729786 79.38324183872558 93.85615114497047 22.878529436096702
36.761888327794814 80.61359212071446 79.54466261238731 81.70407728790323 94.59690151820398 24.84269323829406
63.53775757093716 62.49046878338566 59.44546685403691 44.01552285492265 68.22095662807114 18.563757048820776
47.8109011768628 57.37349741504812 76.4279428171106 44.689499359072926 61.86620163818509 24.924760678718172
49.17306401295671 58.32199849218937 95.37759365208868 49.967508397433235 90.42722751839416 27.82943171753639
54.66628196048196 37.907420869211954 86.82037251111342 52.47790886344338 91.34475414905518 20.482816511556514
57.649698551148475 38.59600995497062 40.701620985034076 41.60144207527715 85.82637912975146 19.379686639865277
45.131831929034334 32.98531910156787 53.882030043278625 88.63740502700632 79.99154977390673 26.007779221927183
56.793652484020086 58.38386692502621 65.32937757555217 40.29472879388378 93.06497425003232 19.84321508637453
63.651787982386466 56.098967947597124 81.97976869107714 71.00532080705564 70.29776713042189 21.201461295169803
33.497909628439054 52.00754283785611 45.49532866670273 72.60286050229061 88.99273499541327 27.2920109481532
54.44877366858902 42.45075016468848 56.617331063363544 54.743306865139175 60.405131304135026 17.860254917667472
19.971300363821587 45.964810028434 30.350921367421872 65.63746713665628 85.34448827154435 21.189828394363754
51.411505130737424 50.69446113547669 52.476147385430785 64.71505349992633 82.17976911418332 20.855740045895807
45.87025125902144 47.00734633816383 63.49825235490143 64.98852640790126 94.38512280806485 19.18912706083584
9	14
56.31509983355535 8.881589301731823 91.55784119324535 37.13097768323214 86.91774436789416 26.433644355449623
65.53598271659615 30.65245976194575 56.01238415736247 57.113007874665676 69.37004502215942 19.66982059738031
87.70676227810756 17.75618396741148 38.04380742553563 77.28331211017978 91.08999271102611 24.155626865472506
76.58214859953503 5.1113069801306 15.38343802276099 48.53292045697851 83.49625080092602 23.953715030752512
59.107880827322575 12.092073279248305 24.437592082557156 53.444874542720044 51.07463050413089 19.399900552378515
61.751248748486674 16.095413071636493 49.27724352253823 54.52196148757874 51.35186143575137 27.189319961113487
87.1180376982072 9.109437677130678 70.94137908735416 90.48707252214984 91.24023814634195 32.823164515998215
59.59466391363432 13.579691250685833 74.59529680854567 40.248790322070484 73.92493939692486 28.957289672152864
59.163733589010945 8.228998601650003 48.861128592070635 77.33609006060409 77.21040498934467 21.67095216991341
67.92531912224283 6.144190433623143 45.817259854267526 62.43673835854056 77.02472019234969 23.676829501178805
66.5000688856584 28.368699652631765 32.228508013953366 64.65469934639644 78.75509092372887 18.484677454566626
67.73235250302432 7.932364124035464 44.61531531593929 36.713636765216684 85.60969803276774 26.405578283729085
33.790661350028884 5.697071616586914 50.189549052618794 72.87407634823519 88.89495407160256 25.377864695508915
81.01789704942358 10.41239349111978 41.73805375099733 89.69119137831174 59.60687880044125 27.510707806633796
10	29
52.684433684312495 86.14284382235535 58.603834122812486 90.20744853831341 65.77112531918101 29.107821424873936
61.97144445607104 86.38882474794563 42.18046678198228 35.557101191713905 88.0956347481258 24.829129807515223
83.4779407821373 91.04812698267597 5.880398728607148 70.96274881093673 76.66438251876413 21.064798751329757
42.10112606809021 64.39862010038013 29.054170058508987 95.35227023375063 67.94656340876608 30.70485307692444
90.75038020094152 86.28215436069864 19.421656563612736 63.71068513886978 83.11087773040559 24.63125551945756
81.31305329409433 71.19907597571392 20.08575408559097 78.47597020955342 64.60153501725564 25.969558626947187
79.4719402951667 47.733598036857835 8.6128859330705 59.51754287186763 89.4379751711827 24.427280118407584
47.864357868721456 68.04349013520333 29.965762836853784 46.758685682027185 52.09022953691574 24.823244716880016
75.86168694767215 86.24894695684137 49.4437233454104 75.3788501812903 77.85385539299264 24.974350036537395
56.782137587696994 61.10170213931303 8.820130052633626 67.23295026837687 41.82160437735028 23.601220007728283
57.11902493402525 89.24662841309174 35.004037226777456 71.07759277640054 64.27493311396277 22.089544068306527
72.78379057972906 66.55584317004342 22.793752699663646 94.9476723154075 80.93528387710207 22.011110177068517
72.01937679448814 72.4016414306521 37.134714231604114 38.189303184291376 66.32415575919364 20.264846112386223
47.66360903493632 58.72998789133278 7.255360370570384 74.71548634145384 77.69897678066717 25.556062514088556
57.1668158543489 67.7657228228268 6.656659879840401 91.00723260341088 92.96814872678783 26.19330794504749
66.52914035714183 53.443096126616474 30.036166428519625 45.66590445509937 66.41934606619616 23.139986178535572
54.992935135347814 92.32109729693502 48.321507696544664 64.02316427267604 88.95079349709893 24.298723094660527
55.27448844921938 85.42709762542232 15.858856579540886 74.7100348860871 92.93746051300819 24.967786860505534
67.79561238788244 88.37640877661026 18.95773679987888 94.19665762929515 84.9284184519014 19.341361677143876
61.652925990464475 61.6019537979952 23.04805521094745 66.65727794551236 60.89878257823537 23.890717159189023
86.17114370843824 82.47211524527701 27.15982858682176 89.8195962257132 91.7941069231299 25.695412250533735
57.03897645707589 38.108274336970695 33.87450583523468 79.29102153228773 58.769026123404586 22.477170605740312
55.023947195868246 87.65472842818546 14.296894402518495 64.63207521189412 74.32583293879556 24.148905329676
55.20470582687864 78.74372180578546 25.131039734008663 52.91872192697249 89.4522683588229 23.863277475294442
42.596534005714446 92.20286843835608 39.32224950990291 90.97885525304304 92.09706263936594 29.115307781200855
89.6468787331938 88.32977877414214 40.88028695886634 52.577758519979184 60.23738166433801 21.552531235762153
60.58071868275118 66.21907546413989 35.51267820607228 67.75042762184387 77.05984150886032 22.2513194736651
74.64109058974257 68.31010616331079 26.004769772486465 59.75611275591436 49.47365154515272 21.79545518798589
60.533673107173 89.00443615132832 11.00942801834555 89.35988805129831 64.46381686429913 26.19381207673949
11	13
69.79427849599993 28.48587456179684 25.34911565831149 34.32797473484768 49.71746870171914 24.261113264638965
68.34055070542378 30.50652638304682 44.930839208021965 26.238266064533203 28.812167792615345 21.92815135609939
95.15381932436809 44.25562018205553 27.86501968157818 35.202268116716084 56.097817910654946 22.860507261530724
88.09653230977649 6.918637113308123 36.44293111385533 9.32519348274883 15.657840386130305 27.79580827609229
87.15113668396597 11.322115214076623 68.7252052770234 7.315024035551733 23.797232300613523 35.584915191965635
93.6779018449692 9.687070336733045 19.398647562108764 8.385104743860763 55.874216723165134 24.25340832076281
72.5595425215689 23.541326983288748 86.47775582825389 8.398048781219888 51.13793211495465 23.88082685872135
81.54981754619402 27.91354705653451 53.05455797552234 8.174562322868248 57.8858098857278 26.892542989198184
91.19878514849863 26.680550682820698 69.06960442077697 25.294583477978495 40.54212594388638 27.147284796324747
82.41385912889855 5.838265064503815 31.812106987790095 30.43048470678715 39.63305994896713 31.82240543821837
95.19199325572679 48.46140910948202 59.83999158325346 38.62187646163705 49.96503363975893 26.977862456985324
87.31416199765727 28.391833478039057 52.55628307263006 18.816486910909937 44.35658105701581 26.946606724481068
50.07824060558528 31.284418588685202 67.96688481990343 35.076274043464345 52.03850916155903 22.021812896522853
12	20
36.63895465495861 61.63849987273897 63.64668111425796 95.83649326174114 61.34766293411318 27.411723904620356
34.10752368914675 72.39907980071473 82.53445847773612 83.0476738445619 5.042421328548757 23.75501617517234
9.940187545646385 80.35451718130486 81.86358283340341 88.13340524525091 15.562074582802182 32.23272365183253
25.35569113413752 84.77173341238615 79.09283664130427 83.52326664253823 57.96693693074363 27.632553150854
3.2250561085721743 8.872980627825541 87.06599561784043 91.98211465940007 31.066440074017223 35.30168639104232
32.09542786109189 44.06062575547715 88.4278103201698 85.06242281996212 60.06343050611346 23.17719065481386
16.889424911194585 54.89216962822167 85.72343451025736 72.36491647617999 40.05565113129863 22.71846731511529
35.926397969249265 61.1028052189435 85.89870769496929 90.43980193684551 35.307687768800115 24.901773093167254
29.058233128941488 86.89156584302114 69.88573569126856 76.81705918164634 42.75183515813221 31.122986185130284
34.85241722538373 90.79486153225376 92.87735693057749 82.1723001341755 23.839917034128067 24.06598324341394
7.918988016965435 74.58633548638467 87.89770446355688 84.80989442275241 60.832030397428184 24.80156176171897
5.461385542786388 66.8583591062616 77.40123325284104 78.41737414236466 41.370162469262326 27.287962990958526
36.31995039102035 69.56708856533223 85.94306573190902 77.02155215913935 70.14551653506668 25.384889377511794
43.2624209062226 48.315679003406494 84.92361386355189 83.44111603033137 15.760275199020901 24.54646602551157
42.93044365836308 81.64748763440573 83.39982762128578 94.30460804569238 11.143669663990401 19.071146830614435
11.910023164522947 26.940520754953447 85.6370279911661 92.50540580609074 19.380146852523254 29.184817644055098
14.552863980520996 94.89864510710153 74.30164804742935 72.0709413446663 19.405493909252037 27.162651569559227
24.46302988332148 33.033213830237 72.02268660078494 88.38695299152428 11.426248991273097 32.207719966474656
15.963410024939545 32.9916505061953 91.59454255972624 81.48541269045614 42.92831374590069 27.759214422240962
14.614800605148002 57.397334892779135 86.13024022083164 94.20233042702736 6.506189041364867 20.779421150341772
13	18
93.9600387451826 51.49398059897569 15.333761268811054 68.40394343428173 10.13430886294177 27.56256704640042
80.6332276180389 46.32779679657386 12.70765976504716 68.60015986236554 21.954437218259827 32.730943357218976
76.6244815813454 36.52671361937173 33.65328618595428 94.07405216627133 10.38028248385154 25.13200685062512
88.87948278982228 43.750528159429756 32.2305216898476 75.42547303287016 56.96266806477797 22.71030132701709
90.01997886020811 21.116020900298768 20.043260570659495 40.76328743846442 36.72121984554459 30.428092478491358
82.58877018642939 24.879475839422845 10.738996398210217 64.17785925566926 23.877813325882837 35.003129233641445
91.4166481033364 24.31376376017041 49.03907428470994 66.57994513416509 62.71097748854107 29.761489918514247
92.91900149806924 32.46950787181575 24.8782119041128 74.70543798644809 43.68697389959187 26.802506857019782
87.82461126412649 36.48257640854158 8.01642167740064 90.983896024454 56.96911026361355 28.718220499060024
70.58195430296274 35.796496921724575 42.25991874804578 90.01394014085297 51.42351068702326 23.482593543943853
92.17562988205783 36.093809359398186 13.875732326694015 85.72159344865472 90.41153666494313 23.253550962874048
91.64720611932438 36.39765592100783 9.168150109490924 51.83052147927793 66.7088922370664 31.088071805860043
87.00069767597046 26.056031201869292 41.86559317290466 64.80307616959145 9.354806272126813 25.963374953946236
89.35605687430682 11.198682145075342 22.993064181582984 69.7304539660992 47.686642598533275 28.63987988910539
71.03080293379634 39.281855234285786 38.03412842062152 65.7728088146047 36.63954656871462 22.503046231097812
77.2716445227904 37.71283741716955 15.687943756519513 82.95243012728709 77.6423804159786 26.577688202750874
96.77123874739621 50.392978837370435 27.299665002156242 72.31754342733015 29.224554701459063 22.567122706170476
80.41034388852931 58.05209785419193 28.976881832498872 79.36506896977619 41.307696052373885 22.110964228901643
14	7
61.069357725210864 52.827440732151146 50.26197310232692 56.68317056702047 4.309749604259714 21.87078556597399
80.39082509379357 62.505380486550024 64.43480519287871 37.7146848113573 5.775016354165185 21.503275455909844
61.359626424602766 63.9347862817218 75.59657871807761 41.12139792742838 8.890398238163092 23.68261852454185
50.19111509219545 78.58750451234279 53.43573463547239 30.771018581562984 23.10807094080772 24.933719380187004
77.69472027638413 78.02820724351481 91.2028505442231 53.800452961640296 8.391157065850095 30.229165155297387
75.07919614950926 68.916323201229 47.59851454207055 38.75448049963658 22.655119101234504 27.75819291281248
61.97233900035694 74.77491643642364 87.62336281374016 29.245180944288315 12.055990936392675 23.212814189478173
15	10
89.63184115447635 14.832945829937477 76.13770457151058 67.85492858900278 6.011303079611259 23.82201747079784
83.54197685242151 13.217922288041196 81.48398704852663 91.32031582491788 18.78422321705365 20.936257969326448
75.72884993772976 49.510802040848155 77.54731459603776 70.71143910972557 21.221360064323335 27.844698311082265
72.00733311309502 34.283552117363364 97.32236721121062 73.95807268366268 34.65261790524457 22.826256188690476
52.10737642249806 20.325895629666302 76.12672563300872 59.95323031178821 16.901505735585083 26.05462532085641
88.68184138836175 35.48313831454303 91.46630293014456 80.18391232052262 12.34445620139099 27.4631995442205
64.62005920540156 35.09370234103693 90.07972813223769 79.06682035155656 8.288993842623483 25.631246972519563
42.84758164334284 18.079263343449263 93.83067348348509 83.39712640009365 12.600260556852811 27.848659209459466
93.24691787679978 40.10819350817671 68.450304679526 79.43440574555402 13.423033794334803 23.0063378987066
70.89368903773715 16.55769562513983 89.11448839719945 77.50444816559165 33.764062716842034 25.096730800261984
16	12
24.412795996647706 61.25243742410367 93.20396097139198 55.978404949723675 8.122443806303373 29.541620915018676
55.9143403807028 83.48421086823329 85.35124002569592 15.159249688859664 27.63077233862888 32.01561676540772
24.287887090966223 90.83761641687724 86.51737122414669 11.598594749286022 14.953488557561775 28.262199645095354
26.98770015492611 32.28424452911669 87.0436364617869 11.128112173743176 5.437082662389983 22.696705663000103
47.432989726893695 74.47943379070573 90.29552226749624 11.57429261815304 43.967339340071945 28.286441859252456
33.098858856379564 90.28606499346175 77.5217602676703 7.391779293386704 44.22874741862992 25.799910954334305
8.155194976096588 73.29059480701076 97.83912049536092 41.48175886279067 37.884025282548954 27.038524697358604
38.9439457742553 44.53818343130282 91.78604915096375 9.507269228713291 22.44078737943826 23.047747953266416
25.08681736796806 74.50288995645863 94.1090254369022 57.4923033212235 30.55254680328064 27.9433630337154
29.251464666474035 77.40917800149744 90.92794357019427 28.195358985820324 10.056967018505288 33.76567238601641
16.690438866773967 90.25269172635919 70.08742200307105 18.422393923752683 28.23953050907817 24.8387634914685
24.90587771007379 80.93548935787113 75.26165344125076 58.96855305381864 10.137807573446654 30.41215848380221
17	12
73.22751639284681 52.04509242705429 41.38440921006383 72.6722401488667 18.13849286322626 22.462104728205468
66.53518349575941 90.3955606359667 57.34591122150913 91.38009328568111 8.554963738766848 19.381139693255623
71.98860690244007 64.47966632140692 42.632177647713014 90.2868921136971 18.996544696524545 20.87320244411609
62.444747671048894 75.48953874627483 59.843931382715674 80.9483868162786 8.347277177402672 19.076873146540642
42.455195396793826 93.40333582968232 61.69773671506387 87.0105372327944 11.892578895470866 20.2876339458396
40.46335400491208 70.89077147287678 61.8104543795772 73.96830309766747 14.751374482436411 22.698190122789374
39.75361370223724 80.21988646833353 39.50152742525446 91.73561155466275 22.731572907945797 26.273598238325352
56.92734454504321 90.3489374687725 34.39334342625365 65.28852959187653 13.374152197104934 30.74553263311541
63.461765016008904 88.95495929529125 75.86594780152375 76.33255653110886 9.302572134491525 15.728615443073869
85.12325246045582 62.698676192934606 35.9336494224762 66.61251066317308 7.63792290497611 25.20505243053562
42.340829341201555 79.05386684021404 51.6253868744254 57.82616344639385 8.168792307706857 27.955539643119316
53.97436943250475 57.52999158770139 42.25875891110082 92.18075105702876 7.3551613898665 24.62216782100241
18	15
37.77241042474186 62.53915610955352 92.26619251080301 22.386592285117842 94.03676651452042 19.3796285857876
18.85078642116931 90.3883506404014 91.71971557466384 18.996188099884563 84.27851791672603 27.886015797859677
14.849989993815282 65.5194220350584 60.68277570003621 13.72664102209844 62.84639514100746 30.983466037723336
10.752996173915578 58.41293942916184 88.8788764355732 6.991407218061721 62.20564105486766 32.61227376695417
40.756780700710685 42.91799271178581 90.41530222314398 17.23124433293935 49.49630677330625 25.769606432725055
20.357122383644036 92.08187090797595 93.4313696362989 8.718043698456043 62.290743709337924 20.810768544939247
35.7926246058447 55.397184589416014 92.76917889135298 9.622679619704883 78.35236100043494 27.925550187984356
13.493191519143677 58.67762415533719 80.34073986902796 32.635055894832014 45.23468445288872 27.19390696891047
34.56814214961028 71.82438988837903 89.72970097719524 41.25728664400257 55.27049950976728 26.460922750395977
19.848242060645692 27.84072507950275 90.39084179250612 7.367346407390394 69.6144067787093 28.955910384445595
22.906714653395444 91.13173726068847 73.04680336965667 10.457851255659653 91.75508219901677 24.96394406288829
35.0289705948835 37.776137011752084 83.78703215811444 26.056752519440362 59.899459737919265 23.6153943768109
8.716019253073076 73.11928891995822 78.70039736026808 9.359619671162424 38.5701009320209 25.30246509108453
34.51910688869467 63.13551228961004 80.73230346613374 35.308872969885144 72.40513348310498 21.845358982191893
2.849382461101164 85.22436291683371 72.78812314215524 18.654625604901078 42.98285981929928 20.480401634703558
19	17
72.46415095718619 18.425117503762205 31.03954768513669 25.993053473638394 10.400261644023288 21.28348588520785
47.52698343035149 14.74919251750265 16.317776652612835 9.071346521663328 15.470405875626078 26.978309349865253
64.439073197206 16.94050092845333 6.107757927059279 35.352365864099866 13.714076872988148 21.88363463823617
71.8419285623646 39.42356754889303 28.747291950889842 50.73937380741009 4.720679153809006 20.396967991081226
79.08267216637398 40.986031037878234 14.276953463756618 24.949579144427176 12.769566649327457 24.079594142544547
54.181287990468014 30.98190962078673 31.200375954728987 36.57502416042462 19.15548578033344 23.19578540279122
46.335307038099245 13.1047260567203 2.515186813777039 9.344240279146375 5.755824254026546 20.774402926361965
92.67386944727524 47.178133004514635 10.570630039100259 43.83021088762795 25.243030683862393 25.44594007196933
89.06659725420731 25.16942370588096 4.732335060268466 8.75628115738479 12.426448705536416 30.405358251738583
69.45409153345817 63.97926180326488 6.397880776102758 19.02248206171799 8.607109872029046 23.150135654789082
84.16485791358173 79.10881149966639 35.930359703489124 29.565187759454638 7.162433992724054 34.20052372362303
80.09708594036493 48.325007130558475 41.09586481617735 16.012669569053035 11.830203655831793 25.133621787680834
59.027836189843946 58.99301150441223 22.25496657238075 57.902229412069765 7.4474275021236656 15.400163243907796
89.9625377900623 56.177696161860574 38.98021248423082 25.38377360696367 28.440393453417624 26.29427896732621
61.89399298823281 32.1224207195426 9.757907797658934 16.67205031305294 34.633318053056705 26.34039609536188
62.06781311969004 4.971501055373159 14.742455434894909 39.98226847533879 26.041273112728874 19.910467317374316
92.87241051479286 22.16181423914605 21.738699292556973 25.28006584605514 7.387783739291553 28.18967164581041
20	17
91.42417320667116 29.887364994728884 80.59248483225831 53.69463893732466 43.2684885769948 25.669117252700815
64.65455557611531 30.264058468897446 81.5314153520143 29.270895563869846 43.150287374906696 30.273346102860238
83.2551765147518 12.148229449525896 83.90212746946358 40.98193384417739 35.125481590835165 28.59038280805061
83.92610366354404 17.314818634727235 66.46268674244567 84.03106584862084 49.024822652855 25.669806585846167
83.21635839610644 32.76097779786641 64.36302631796897 41.90804026459508 33.292286130363216 24.71626312692444
62.67622106780505 36.89583099752861 91.84900924083324 37.99084181595142 76.72360004805144 18.20828403596407
89.48272268112517 31.359949296062908 91.58766627738551 17.75673756414962 63.96064274203475 25.73308884827034
85.12511261764465 10.198657040029534 92.33494860823978 80.13602357956337 78.34471366760111 32.79174595188965
77.66015153534933 14.497446235721696 92.56548004961527 24.555382461860948 76.92120810833988 22.342579980891667
95.78574882357867 48.64574463707979 87.86178134651976 78.94597290474299 57.683680748297924 24.764410732038233
92.68756868786598 7.296372911573085 81.06077238247755 38.70130242997639 72.46710373432482 32.60827118404013
88.80404542772085 10.427018986096595 86.83620898104743 63.256178649006344 22.084643610091817 29.53031621191819
73.53555472109642 15.955101810415677 90.50112906526398 58.571720017112256 52.7539827558825 30.47912459331995
86.90227083184436 7.835928147897345 75.26235749314509 92.13687262544946 34.05597674734522 24.257374599901876
83.73615614879301 11.092065364968946 55.741499112520266 68.08305840679525 47.62104628746742 26.502253724248213
66.0784360333111 10.598122765156809 91.85834130563224 55.88233659846454 69.64731693782831 22.809454862515597
74.22619527446916 41.27966496194814 75.03689331266038 56.99744199490848 38.75127428728922 24.487906154574862
21	18
7.051873604254423 18.022662438570396 50.84944863293555 53.31130531258207 84.3655785669266 30.428988492243512
9.468385222014502 8.470694112852321 32.03673250903149 60.59016422592339 64.71739588054923 18.033023530471628
33.28479691537629 7.054494513857487 13.33016094512283 11.433358853105643 59.80525622015026 27.111670921972134
27.366362129819077 49.80801007928164 47.28459695342448 24.8625140123997 81.73048128933202 26.159697164445152
24.78350020133053 13.844797692624905 36.62519626363909 16.27781625232164 91.74171521418612 27.448795572064384
7.499781812174484 15.569610530194032 29.560379992347155 39.46739889804145 68.80102973953475 24.650475227712047
42.12925534852176 28.549016042919714 43.99424470413684 10.922653020272362 58.606766487592004 17.083041288850193
29.21372245832762 15.423585250354405 44.5621605026 18.60063170684342 65.68101197799315 24.057522138171503
21.76707021581488 5.175012299514192 30.875648537424883 31.448869125861645 50.99541632987821 22.64405150698211
28.01029616816838 29.55354900249087 50.427800044344465 43.080665012093014 86.68092231796223 22.075340121552205
41.41015905681589 21.580223108229546 34.75044269131796 48.089355556142344 89.09685484868804 17.90475986592175
36.439969216418035 9.323395449420147 58.038201588471686 43.04394670706047 81.82395621251942 23.672544102395833
46.107941518297416 26.42748793237904 60.662290156865495 36.73167763896926 81.03333517536555 27.53713293686293
13.018503029190104 10.73244440367125 9.024477221269418 20.351503208654925 90.68273377997026 28.9951191222614
27.83224449712441 31.572807029544833 15.688681000185122 15.048380352745706 73.16613559211577 30.421907174143737
21.709580103600594 17.835880463626737 36.577120478513145 28.707990842770307 74.58159599243685 19.75953012292378
23.071792473173762 30.80282026548772 65.99902791851832 24.54301629374614 79.62144434703372 23.64426126255482
13.329015521067497 9.537961275585339 64.28252278446887 31.67421564617283 70.36910955799898 27.15873135168243
22	12
22.690226141544617 27.86625474239069 43.35328087099822 28.406782173397794 50.21494536901793 19.886840930782952
22.460973406890187 46.10887510024265 44.781793273499765 16.13012629644485 65.72811261326116 23.98585729480945
9.565941376961673 12.522604256214027 90.13374635819527 11.963841411088964 46.84195392029515 26.98589694262803
13.359917812344145 33.04087468388862 70.5595499836404 9.254289249126344 94.12342495250594 29.450932706368683
7.88697489304271 28.370297776881376 88.50329871710318 15.145851671430789 24.027990044139845 26.85292211562449
29.171342055324853 9.62231574828352 82.50196696247438 6.849636214656884 72.37463965578107 24.778989756225936
13.745249335411224 46.37237315675146 33.999227354877085 15.623311749164884 45.597384197852406 27.183690784869324
22.602772737451787 14.72565930893641 91.15637492705517 37.296207790249994 53.8268377029472 25.520191310862263
8.836378358612128 8.988846205722055 67.20797624422515 6.03085692912073 68.48992175227086 20.906352080602208
7.794760744979454 35.43519649463172 54.22332103254281 16.55485278833287 53.81734482873829 22.632927346386715
6.7138684732334895 47.12858590536152 51.45864534206621 4.371972705137407 44.83443875595006 17.47671207113084
11.369888757616506 26.757207017722386 52.82084328536618 15.842011949066817 75.5602917990973 22.82853627038786
23	22
4.523579592146349 53.4149129940299 22.027641406598658 84.13588304044485 86.22742731998865 33.239054781613646
39.06650016487632 39.909111186302646 8.265910228511334 26.857223398405154 63.963573651117116 24.71339736565636
23.520717095685225 15.17057921709141 4.910100436616985 56.628405589258385 67.78487683468686 22.075806703898326
28.91069099788063 39.429469442077576 12.626045336030703 74.12392426390086 54.71103871521509 14.528690272510003
47.20722131476805 24.666914536251003 4.335665439428278 84.36574936476221 67.3426695005602 20.521988484599323
9.016125247899579 34.4720045681413 22.064135864565856 65.22691522389134 71.74328795104766 27.04037455857107
30.48224377856042 48.40722347571192 18.07983606548488 63.51791049358519 67.03533669763979 22.520676533782034
14.459633981293754 4.044197425064907 9.393965244525052 80.84937953170076 48.17230117887332 19.86806550161814
34.70668470956273 47.69308531272808 18.04192070579381 53.09858952600253 50.833435862157614 20.927334849771004
37.248761810274495 23.645100699553776 28.77590005195826 50.84566324710211 58.79526054943476 19.738338800546522
33.99785317763508 5.536813791774191 11.292113481082028 55.398305216372464 58.45034832681055 23.543322854010995
25.47603741953958 42.429511544493344 8.943654337654145 82.29197752398494 89.56174987362087 29.706469456400093
28.940401040594864 36.44681670386657 5.117782473442664 76.38447807121489 39.763730702568694 17.687297349248173
21.495956780748333 29.638587199568317 13.291855109960498 53.4041902352074 45.22668093157724 22.038471457426407
19.85048299455477 42.19936282087985 16.96074893984529 43.1831178980427 91.40084767725077 26.194213634451437
62.05870049326579 25.30538645915106 22.88198071898106 52.453526228531345 62.828005547402554 20.201493031841782
40.75155615737869 19.758258818699105 7.05528648068073 40.132412802937495 51.17132198116318 17.381884550876467
43.40779223406344 20.09539971769924 16.71454358485996 93.57947176403604 55.5863806770308 26.01881512779681
33.73473578713044 28.947970604444226 5.2148379570313095 59.51030046878272 65.99562982573256 28.063151318082756
7.457144017409662 27.23008378569259 9.2974736265753 90.53777772838252 69.40413425980637 25.119923581119288
43.300477780088194 29.117127134918658 23.08832206087027 75.07578802478066 59.391372973069714 7.836203296705589
56.3614560857999 15.737748228370487 13.47878295353963 32.22349429433735 80.2298952790201 33.20279552347481
24	26
87.98454593164848 5.849045239439395 89.89880086607482 10.62270128800704 75.19077614550572 21.06468510204363
97.35633155996639 60.66552123111598 73.90483080938219 7.896153590139374 89.14044001171878 37.19406360491594
67.41746321746278 10.12259237602266 19.34251513941171 9.691834643399512 79.78496817327118 27.581267413018598
90.62581435571848 48.427102702459656 49.29400787694955 24.37520646593185 73.01371298205162 21.887859974259325
54.44185473419543 64.84861377451492 58.074461732446494 9.56093510970431 92.44393862553596 20.03375855413
54.10177008369293 17.312320055773643 43.633534279468876 8.922627792507601 90.06451432314466 28.945453945875443
73.23164184505023 75.57743430932726 89.64848886689711 8.256671233821235 90.65831210672681 27.006764286354436
71.705866089685 37.868858201945336 15.853230742173528 13.910598286411213 67.92294208740351 22.134443074487297
46.44888744033595 41.6779786143163 51.72367964915044 9.738942225157068 68.5120949510982 26.108262166350226
46.888008327564144 32.34180449423882 73.8380468831667 28.27624851000029 73.47203930591562 17.94301696802726
52.209630660806425 22.273719114859695 86.63138316977296 12.948679121455704 67.39490186465697 24.304730551497013
89.3348109255988 30.340640392176283 60.23481611931804 21.011179995970473 91.72979218268102 27.665556723096856
88.74760783972837 51.72738641705446 47.35037256837556 3.602706621779611 86.55207576385232 18.667159112651422
66.49537363127725 23.048226659806836 3.9284302174646206 3.7869641817445565 67.01763708945526 25.26525019256286
84.18868256088767 35.51776853393995 40.335710340871366 20.92901901553406 88.7835159784561 20.43343558148873
57.98342884292669 18.945485028426724 54.98561323443414 20.948072754346406 61.387640916350726 22.792367036355884
72.71048161836468 31.40926856666772 72.76440211631349 6.9318052507658106 80.92734146522503 28.731846893746834
74.04238317330905 30.6967648620428 47.16803542914322 5.016208594359403 83.38067648654689 21.850605269544094
86.76426346016758 20.16859319210907 31.471684087290605 32.215031466754574 77.56052798742104 23.432382343255618
90.13945098972464 11.670303968788728 32.006895385787075 12.56730520781874 82.56171865520186 25.992240367430803
85.34096115965461 28.467013670701657 72.32128361652741 26.26688857828927 85.50836892393959 23.729502435358928
91.06968597680047 62.231694819901556 60.620473249607365 6.043089080862152 72.03460800651315 22.329399832906
69.36850273241815 6.292335491418847 59.29793275188253 17.917342368725386 71.21069602076528 27.84336704780436
92.33958184121457 21.454368832405603 7.150375109095999 16.754553612461777 91.23652568762262 23.865937681090355
97.14742881392229 50.32900673176019 53.66463875662154 18.12840841280113 90.8790580036081 6.798520273654382
49.032757939492434 14.300104423049822 74.05036643111875 19.20711815459317 80.05229190159172 24.662564287472993
25	17
13.71665059138146 56.00415676877079 30.28958014107214 39.058849505370354 75.24948715177842 22.668138618267015
45.10345505635781 91.5468821929071 49.65019592657248 74.6428669487188 46.009157314394386 20.827345149005602
7.637768735467842 70.13258377841258 47.393286848083044 57.86284209502924 78.11923113354241 27.41974845156433
22.527812400519366 85.75777185120147 44.017866708046334 29.403246646031697 91.41613559924507 23.78078278218827
29.128695599846854 90.59550142164255 80.70458201007078 57.8088639544203 85.42715506807777 21.460230806843246
4.238399920115676 54.980279446903644 18.796772104628143 51.96269892986828 83.04596075374532 20.84316270126671
44.43633812182174 87.33826217254433 72.90205958153402 48.21490330698351 62.48849303589605 29.620360785293535
37.105482127557295 94.25713916727042 79.68095107405763 68.06687913362153 72.35837075436123 27.025661546690337
55.00609347362917 92.69792678671705 55.92840424179442 41.98448903319207 51.047034925727324 25.445606407639723
20.337253559873954 81.94079151139344 42.12053793662523 55.13952261068166 64.52021018136284 25.976423581569225
14.12174812685825 89.61268213239609 80.72059020833217 41.64851457771717 87.41236824055204 26.436790044910534
32.05781460977732 85.87052134439503 55.49447712928045 71.44475249759995 88.61274444003158 28.26000963442618
37.71108709056731 83.61009852638237 46.24851230652721 49.746042180104745 39.131644890011835 23.4428852084109
26.242274751067487 88.39609813137555 32.57224130407311 68.05455961884628 79.51211829743494 29.5831957460609
44.725493338993815 95.31367131498847 53.45337838073941 37.505679561610876 84.8430787587588 22.746923077587
12.432063345475402 87.96403270735956 76.36188797978788 43.06640601515448 58.52854062789346 25.968099258726646
19.408984210522622 79.58530211024673 17.405519276292985 52.24913452165755 82.04121809640493 34.27673468833733
26	13
35.25371508063305 9.04708002570649 70.52508126653078 82.01212519351337 74.92805346095238 30.494000684573884
28.03884624063097 34.05701046963824 93.30638447592123 82.17053059916799 87.64350619944294 24.21263844074378
9.367051159089668 12.980623140117745 66.07000698112184 87.97988780990252 92.32512843436366 28.25129602515277
47.355575730414856 9.397455971219344 83.83143975415298 62.49870290121039 95.71709746530928 22.65216615641083
35.958899439461796 12.789380226370334 93.32969673182987 39.10127594907 78.53945621547808 20.59451653903497
5.703195320552446 25.71219738928242 84.39042654973117 97.27385724071699 90.64183268123215 18.441886329013048
40.41402323313266 13.108637803546097 92.75928458654906 79.42784843699775 56.37546547633711 28.22145725968313
9.473362323525395 21.599543564542685 80.01094624637928 82.80378018629173 67.69665110047949 27.77725960351587
28.947107713739474 16.22837273878116 83.46463560607269 62.4827770249174 75.94742526720319 20.2164473062084
28.04061842527144 13.652124233260793 81.9953765478946 54.630638728348295 91.0083826054504 22.565763287736594
17.313771877859775 12.092329994588653 90.84267745380558 77.97888180394563 94.72606497387082 23.923634766031864
6.6830448707062216 9.227257353226936 94.30868584623529 66.87577592514923 49.708235453160235 25.207632726116994
50.307915968110244 23.840735402700396 75.82650459853784 88.01390106604944 88.62578677448147 27.496768141629538
27	20
19.439582933236967 88.20923747953081 60.47516331248167 16.11028820270476 73.23050986121218 29.219510541578725
15.752220603852821 76.73512657632291 13.242898611410071 18.30955981761644 46.728647658690086 21.97115465991129
39.826120660142564 89.01926036250379 11.114839116727893 32.08332353262134 60.84875163477609 22.77776385337187
20.324522811693694 81.86773505665188 30.137768536875175 7.919824841506015 57.45246365303838 29.15242468389836
17.73681146867497 52.142929594949415 11.686531070776645 5.039471020023022 55.4881591200192 31.417589243289942
33.11943500079426 71.92976729281136 11.23899476851285 20.646376720126124 48.672939436884626 18.967954653753676
9.574760452287114 65.73030459467931 24.50932673937249 15.025594962894182 65.58968012286685 32.285833879856305
14.87751308004545 88.44121313839356 48.35603817133648 25.67133090679826 53.11118648331291 30.658560438218647
5.3704579587528025 76.04841678672064 9.141998705651115 22.870490451918915 65.25095223054723 29.520662500885994
40.97960315361742 70.61088022397534 54.80197939914178 7.789151954570122 78.98982385088148 24.775923457311702
37.736515305700536 87.355286636262 3.0420962937798826 8.648156200739216 51.53286055887358 22.352035984419736
41.41330899761172 77.88405146043887 48.50555893739011 26.552523610823634 60.40386382480963 22.640287166788376
41.281029262663424 65.66471574649266 20.28895361836501 14.515717280015286 67.79282552753945 23.517004391717588
31.016941020877937 92.39245527197976 25.941287628161636 28.171058977888798 39.00749265907964 25.671545590407053
30.801284992248064 85.47916284124352 13.513162193310627 10.492203909166149 83.39709404210983 24.672933758094807
17.971753514214203 92.82847851593458 9.46887590619774 10.479218372262043 25.71063123759723 28.541537954943827
11.481360271482409 64.60112966467149 25.639253223765866 17.738749525797804 91.90729085359555 29.800505056203185
26.01866071307617 79.85920996131686 41.23039839626335 9.159762543775448 26.760535821894837 24.372511455075365
32.40100265349744 93.0862005323356 21.619507031557994 4.800321087764745 29.760718126306855 16.953389511184096
29.776494337793686 90.62829808594422 42.849491408170636 10.233726491387735 56.99732149294919 38.32548247114413
28	11
26.27565833903452 81.11567005193083 47.95390434468834 88.06772191942815 44.50842678906009 26.78912061574724
27.573400354216787 71.60452672595625 34.36364924526365 85.06309163502885 68.5137493216961 30.198424180627594
9.094496435870129 90.26539712696965 36.01431343716203 71.65259002014861 53.0214842459696 27.749622537146752
14.530113614362532 92.02710745530403 9.88967713208535 59.8311612754323 49.037545907109376 26.42486227150979
7.754497483356503 95.22687097896566 63.19457756109017 54.47463978697251 44.006713717905036 26.698182303787995
41.23166483973432 93.59707669094644 23.011327604608248 66.29584162132042 35.60767000659031 22.571798583399136
7.255476210062397 79.5753091053998 6.311330694309714 87.6042511398674 31.379972157401777 25.200901924196984
9.060324703251288 75.17449584671274 11.531870369401497 73.01242834181755 67.011189694896 26.54200381510372
4.277390871888261 82.21963346900178 63.32844262094214 69.36029935015695 38.30001307442132 27.54675550965252
11.265632663577566 85.99281784571518 40.54277522371148 89.46662717634771 22.231097834363876 27.656455826759426
9.583329957476092 89.22194685321347 37.66098145750188 92.6529453617146 76.9572869709887 42.89991500029769
29	13
76.48650837990233 88.29913572309262 8.731998859751146 20.331586924487794 78.11516979415764 24.33460557504345
55.50276505767371 89.88259146200105 23.747963312089464 30.334912151391343 58.61366891305441 20.404549336230623
51.63361885210383 70.46679602536587 8.26057782609584 39.19044592380038 79.8023478126608 27.188021060033584
77.26118216853429 88.67909814139162 26.25041696231751 41.01870154810528 82.83633094088202 28.670542532142743
63.24981176146896 94.46620169045936 37.98739871126001 5.971121052138441 62.38226541461551 20.695082200950058
67.0452829779391 93.58657278664286 3.3437886019105947 49.95270487774826 45.43305309787676 16.38618680570823
76.69370595365581 66.53595832440398 22.188124737328355 29.12980092253662 62.20303985406865 24.680258447699924
90.30114056615507 89.4235557749467 21.121241466293643 22.600006622410394 53.69994718491278 18.3997710106648
82.91780289870023 93.85247738931865 36.43279634659133 14.94191738861783 73.42166418672937 23.10696620160605
55.5343562730041 90.92485002616455 18.055877838438512 8.064158227534564 88.16156427637416 24.960684482293768
60.236203990038874 77.54771024810911 11.355711559375392 6.057565267780202 68.7083338771227 26.729746123505496
92.03118874163546 90.84059824616835 7.30675958924262 45.366746337941336 68.428150258886 18.66212851354397
88.44443012222266 92.59117352041865 8.445456937273137 53.95209536094035 94.48661632130673 21.328377236591212
30	10
83.94029117216577 63.56663423417552 7.8391062101429965 42.6820180341487 85.4619866837852 23.97829534143891
49.335036773755554 50.821844690017706 14.37071375693059 5.621446664506059 87.7199783699795 29.279312861480417
88.4855885964855 40.80143832643806 12.571576476899585 4.401473938996964 85.63553551839543 15.583776492335017
93.2803462415926 35.711165159208825 23.37742071129545 28.557693643158757 85.70070030686738 24.877039019781773
42.95803878080542 62.80415525247554 41.96491720265522 12.88375356823005 92.8429491878157 21.509333426114548
86.42137579937769 59.22222803345497 37.78359073188484 16.556706161086673 87.91837779389495 22.139130896543016
75.69119835973132 65.92874609317879 15.758875329442997 17.356268709313646 94.25347378355006 27.037557928176604
72.19942815670349 78.52840976422478 51.383646009099344 12.055418091918304 85.38323822705159 29.935223910898348
48.30243396303341 41.843673117109276 14.72941996199543 28.806636382886943 94.3612151113435 34.097033665009754
37.71538169418198 62.05258512345487 30.970851106228242 31.562587364096764 94.09432736023835 25.939090989560576
31	17
69.01709790194253 90.5135685673624 68.73051954649789 54.04795090096433 96.24861222180475 19.491466797485817
75.18916110413853 43.31613231942891 60.960047372672854 89.95558779602598 70.61191659400441 23.067677841690383
84.72437856825165 31.390853093752057 78.572708003773 66.05069910335445 87.85961109143626 29.474232686692538
82.3592428648495 55.66718548966651 56.21807659485614 52.386759529910165 52.854600348217105 24.66070646660034
89.92273392953591 29.159888053071175 89.9370435357643 34.54948023602272 95.54327908837085 32.0332172497311
72.2094725658818 71.53714311544108 66.11156221089415 66.74563676177421 75.55347960214212 21.61628536528096
73.89974849776279 45.80116550412282 63.14915680930876 39.3604341073688 86.00506869617648 25.52043248217307
92.27986222576627 84.12818281580232 59.35040989333723 52.42684416579717 91.08745142751056 32.98677576493741
84.99129468921403 29.111761844239897 36.53095352669001 45.4564779555995 87.27749743079015 36.73433601839238
93.73854342244307 59.1139055070422 26.18538631340039 71.30108186356624 76.92370116053449 24.310714859213057
89.9774624896088 47.86773606304196 47.82789282139372 77.01799089165311 80.91624776431351 23.6098756417668
67.00527793060216 89.05912893792967 74.26025334746826 17.960328653330443 94.11322746210597 27.62146949527935
75.47896312813805 96.18035855662113 56.76193451445131 35.89638357020865 81.37676983113023 21.396368263803186
74.82349268774377 47.835641604286685 37.54816520958122 93.06383563679354 92.7678255736569 31.63780859820592
80.9432854664986 55.11084782696088 51.87154127751175 62.419376725161044 86.43127621512558 20.330397463072064
72.83228095100216 28.688938847224115 66.9421154165078 67.46808154094522 85.84900676844038 22.818184976203902
86.31711654468388 55.577652043408214 35.770485501417035 56.08712418028695 90.22949457973851 24.637539318551823
32	15
72.53151164740058 81.50115170712114 86.96195222303434 51.63239093765499 68.46984506743239 28.160347936068714
76.51799387430681 96.67399846701996 90.18380941447981 56.92088961719418 50.451884406679575 20.428457188048394
95.61958760443382 63.69682891019167 68.90644550769956 58.09324106484639 43.573977284543126 26.590704471775872
86.39418925220592 58.4273647221171 90.12450051916339 43.81748408951118 39.40209804634559 30.95931582029457
71.17721300288969 50.43981185860924 93.95082055652804 57.83227139784871 70.28051049712495 23.912437182127803
77.33813610598833 65.28852474226782 95.65928420265614 17.910098618487375 64.22318272405646 34.72056996851001
88.58549040980517 73.51146703769503 77.97913549619327 16.829354994251688 42.273698890089705 30.236713398438937
73.31712579207544 84.9167005283571 81.21907736822108 38.40409948078703 31.90038903496188 27.649420770376718
60.0539760340738 62.0299135985052 78.23443765394745 24.9127456046941 68.40879511398637 21.189333951700554
82.20485583582195 68.39963922949087 76.22669187621493 68.19735462062545 55.37453395431245 20.45667112768365
88.53977380414184 92.10147282555596 79.46875783091139 40.35000694129522 37.90691956336161 37.65057984304862
54.35385475536833 58.654607923325216 93.39958615896056 25.653953634536688 68.1371086893948 21.4623775005351
87.46786001574075 74.38003067754146 81.08308384183923 19.9799454721664 75.64984260229669 30.81215928330862
88.67692351814246 80.261743106558 88.26967238801286 62.4463103906564 54.801909194777835 31.53641375256501
85.74348203658126 69.14015336826158 90.3993868053525 59.315062796572136 20.365123797750083 24.331852869931502
33	10
83.62084785883145 31.69086169578989 91.74711410635125 26.774766844572493 14.895651830491452 29.76169925122125
77.39064887483478 9.991507118507977 66.63033235709705 31.88157502971415 22.630630621993888 33.82114916557512
56.88040495230192 25.668364234915607 60.38723023002843 40.22594495701334 6.758087893379874 24.96885224283521
65.08958779991067 9.137884355083361 82.66300854693276 9.139737904548692 12.691035120179029 22.574252691518264
38.427414052568324 41.270727313722006 78.93529686684552 33.076571381008655 5.992742898734884 23.23753049662089
70.97064892163615 37.5258975314806 72.88661651060039 34.71412488056178 7.710570437492536 26.320208644522868
44.61543112989518 37.73925930083361 67.13900383059128 13.842796163786165 20.29415915872695 30.658714175906372
92.25827340845733 21.591138061124976 57.215263390825854 41.158234255624436 12.352041387275275 32.309274293713976
65.61087156271141 10.068461020357248 86.47141333318898 40.77605634550089 16.487260542447853 33.51953463761394
46.45300442333873 19.210682495881777 92.21455911901836 24.883430379837474 37.659028751914505 22.526683362474852
34	6
14.655084943288434 19.13725217547581 20.578908624090136 7.251999541179362 53.94855043262694 23.766564840673336
4.987916758886804 22.917437718163455 29.442865600996036 15.873830849880786 63.4441414738815 17.203915604029692
8.185190676224973 19.304831146840648 25.765058662069674 10.747788025794163 86.7836520098241 24.078871366136262
6.410535385286187 40.211534484288784 16.076752605477367 13.757920088917187 81.1579619740672 26.020511117795383
10.082282644168064 6.0640082454542075 10.3194501196673 24.655990695893227 61.305586662840255 21.295006665774387
11.81923378723436 19.332329589970577 21.218391046106504 18.951002566348805 28.10931217425809 32.90181895585107
35	12
11.359409170088806 48.17082373322178 6.292081081769664 83.45503503169714 11.968094309389786 19.233292903104026
15.124609882070901 64.00820195482608 6.988582615073241 43.882589547959505 50.70723281524897 21.17879294512578
4.09863632792628 29.225040301005816 7.715817042319381 89.44329386188996 26.499300033191584 24.402142867720563
4.807803520380091 54.02888848327604 22.533121253807625 55.653656769644414 37.89158533144548 18.92323869865133
5.016558363022988 22.627432990981557 13.615766152819557 55.67051235182886 47.91432925988935 23.909629772792037
17.40307896124525 75.56359721947123 26.51342472092198 37.96437954320662 37.27027487759441 24.528684257609946
3.5635530810842964 51.71929792442096 5.8292573814981 61.110721750112475 43.74481964167041 17.11447776039046
11.911839627476228 78.65553337106775 22.609482913087753 60.38827566116392 27.297169218531845 32.17605575708551
47.78258750420998 65.01145224632417 6.027554706290701 51.440933207224425 38.320202733989824 30.900151503551903
13.78531018954939 68.07558687205105 3.0342397548070026 70.72282308893836 66.11630934215741 26.79319967715225
17.511643290013467 63.0035477873978 13.14152317630444 68.51009493703519 35.99964567572247 21.794142320138544
12.174370507141765 44.72008141016032 20.810422533864017 35.71222633115298 42.75790913996319 22.457011386557138
36	16
26.365487850325486 13.4601014659623 9.989748030218001 38.040637657919206 7.376866941600197 28.280517924588693
5.673794802256482 45.257890733912035 9.807307225196189 28.519614159143455 21.697874390692128 29.32776952540005
31.06806225036906 41.074502852365725 5.99300624815087 52.960004455592994 20.324957741464964 23.860377895280035
25.286833371611188 56.52920806057348 9.781868963131696 23.20424285166776 36.13247652780289 23.354355570890206
7.8535150915934935 75.62298200696897 26.282746778151644 21.82261439333772 20.02902749218801 30.122075512750133
12.958201882986398 17.271072498477523 15.216324325341894 64.88549784404339 7.319055472617085 24.7986934182848
11.292306111771014 36.86770113612685 38.64538629572088 37.43014164405801 13.705899772510623 27.67900466935994
16.967817474167944 49.1321454257576 11.795961686040403 33.0566864096133 6.728173434908364 29.109595118826103
37.422125208086605 7.855929734935761 1.674282677399739 51.223233103736526 12.401381565397665 30.33283616585249
44.024772837228184 35.52217204342462 16.871595042712006 21.683885733676735 7.139363764734783 23.147091521905516
30.491957477997843 11.66518334864335 6.219789136457992 19.491514701535227 20.353219171402646 24.77575668265259
19.38522496718931 46.865101658131046 7.403525386001944 10.916594142221056 19.365817681927037 29.298064415842482
24.944092573403356 69.79614151913894 28.50266627698332 51.008269921014396 11.46149582729468 29.04053828432432
7.55725787794105 75.81458519766768 5.628559849404336 45.548215683545834 6.908093896886415 35.72700343161529
34.72340340225848 86.03689050330125 5.601902200215872 45.250642353138325 25.138161890517605 29.361120374868865
31.890543614198688 71.36226560488782 27.03225618619957 25.303909284790294 8.16045406923585 29.86417404888337
37	17
16.30652595452779 60.28884256215269 76.63666819573328 91.46792594351126 90.22734263215254 32.947685698900116
12.706723576723176 19.60817264620261 88.28991627818631 24.719403807837534 84.89679727812741 22.741860650019113
18.169189647577717 89.10481834542766 88.48030792037478 88.07356302313079 81.64748076291364 28.155513386671025
8.27122024056603 16.777858522870044 91.871173983623 42.98866423235656 71.86121251291712 27.40093127293361
24.304360429270446 45.794981004057064 91.97569860705238 56.84510519840187 68.22037958884215 25.52570668868367
8.268663557593912 48.60957036177971 86.7253168247113 36.91332145290999 93.38778354620112 28.61007080244508
18.485271742741404 55.432046680481605 69.8914656180628 45.749628176034086 72.4329161029432 23.79959345564216
27.500664310461627 35.655046386460626 88.31543139019671 30.670266288966488 76.09992722503564 22.46745482177762
10.364917452693605 66.89815205082542 82.10147649883699 70.15983028393856 83.80925377012807 18.959306520413946
9.985545436702653 82.53227458545445 92.36714894711108 52.71710708906906 78.6106759738563 24.861923949905016
14.227755622860691 50.084795635760955 78.8626010295382 75.50145511620818 76.39739914614714 26.941827182797276
8.866918416550176 43.12732306588017 79.32657456039901 58.25229311517499 84.75654974609836 23.549280009547058
7.505582096697004 34.910230615529514 68.71873317686298 70.44141753610816 88.63897491938671 17.909262581829424
29.38087948103407 47.342945902480764 75.86024062482326 50.55627128508809 96.88902024165822 20.753880662142876
44.79714873961827 33.4092755377887 90.9323553953996 51.65282669067098 68.06098730833064 23.320864888144108
16.460136444746993 61.88642599121343 58.11542232199484 30.96668883304399 91.54034347076993 26.88257444801057
39.85819582346791 81.3717352410369 92.51535551842628 44.103055687420856 89.10458921376876 21.79309674960348
38	15
61.521078256392286 43.67892366239863 59.560299160879836 78.88865922589306 53.33241797120319 23.376819245097085
71.8795257653908 45.75685691336305 87.76497941898641 86.99415965576554 51.42327786599857 19.420810682371403
71.40099681405233 46.91138557637516 59.08609170631814 92.7075533139631 21.165793391601166 18.70064698607687
53.236364221463866 49.481262728272824 68.02139423504472 53.5404036730515 38.15307155387419 21.47443697175033
68.83357588391776 15.100627082299107 75.2837385643252 93.79030006396538 50.94811772354877 26.345763226712258
41.26305329659983 33.42885600799785 62.87700108798436 93.62768505659484 64.94501358722833 23.585710792498947
55.78621605662176 44.70504871462819 73.46711871406552 88.83794017200124 35.36197565877989 22.04823214540085
22.27394653425374 24.641492726334857 63.2613948580961 97.34100973727146 53.13503426514815 20.47940000389546
19.836524486619552 11.36381768012903 91.89995666484072 84.66772125367778 36.53261011448812 21.49545105821335
36.39128312157784 7.8780774358865955 70.16821141882122 81.68171943043824 48.704925397560736 24.168937964431183
38.690232926448864 35.03390253628958 74.74597762461082 71.40798572965822 48.08994191254417 27.74812424892868
64.21910773528695 24.94057590507904 91.66641245434938 87.15916604316553 74.9070469100386 31.091207894175817
55.719887146014806 24.83505917267977 72.2041279159756 92.84125340122621 20.66343393461932 27.125913559439713
70.65644281081781 54.38427043449218 76.84415561916714 93.81910952215671 15.620029541754596 13.011885988387856
55.23661859068172 62.381450186881835 69.18819985612475 82.94652210557133 28.754184040780412 23.93293558448512
39	24
53.78510805863084 42.2347718968284 35.79247570490785 43.723749263703795 26.25219233597653 22.90122966590617
57.580923933413416 75.50826265937323 45.55942591438528 41.132295175181966 42.95765040859918 19.63820473319669
94.52161165086963 78.75011478402685 56.91936973582325 6.098431400448858 64.9018396448997 24.82141172182543
48.53662477185987 89.40865313386414 12.195098653866589 20.20509004220083 23.50767998921914 22.883308367904718
57.978745285108786 61.345776947574926 38.82940756455204 14.586291234815752 40.83637851051674 19.993987515290026
55.95833663796877 91.93257819622447 52.584569600690095 18.19693042837874 14.578047612784097 29.715783717934926
57.004504615931225 54.863904166515816 50.37402154154449 22.42698704407696 71.79740052797739 23.795279030414743
55.44949245884693 87.47588210084086 79.62223282544802 10.191896596024682 64.54357452485033 33.22101033501822
77.2846311063876 89.72361207879217 65.40026868767659 14.153622700324826 49.78128968646575 24.320533997546786
37.198670232798484 48.18201763113723 31.69219120880972 9.715075473885378 36.80870026782731 22.56532803538825
55.35837151807724 63.38482990187644 24.53181711793345 48.50259688962266 30.429651347242718 23.215158177685034
57.6093007401816 46.173961491607145 24.533178029023702 23.422917476544963 50.91681404141154 23.8862435337928
76.2568917176502 99.0134939770495 49.01883075514026 6.330369374878381 41.348816149047764 14.390407976180096
62.27135952293828 91.8238955735893 15.31204143982471 18.620282005206146 12.965963062724834 26.89213360432417
35.944430706595 69.70537288180077 11.46909166752808 14.199103440280357 27.336512176674024 22.638590885643104
84.36862057250023 86.76776029168957 43.117208802482594 25.150889951874724 38.23740105394671 22.4992095873106
78.44837445034825 95.00621964973374 41.397907615033596 17.508684944622097 25.44854533680359 21.00683838734459
54.202818310892816 51.7152483429385 55.16344500164384 12.170216890358505 40.00075716215959 25.064339560395613
62.97958973799291 76.96798030282815 57.7546048958446 24.50138865005201 47.09243252673324 19.796848768039613
65.74908530914979 58.40956202527189 51.51176184321771 47.59424434018477 39.98599738296024 23.02177757193224
51.683693184022076 49.0431145612307 54.14381321872126 32.71506119700684 41.442515467300126 23.83452380729803
59.29968374339563 92.86376124250464 62.1459443731261 21.538934484340757 76.58504616549766 25.084008051990033
78.52691144569678 94.74720116155102 66.03018988445015 13.03921438884507 70.36801573221645 28.654376030309805
61.0064945192392 64.48425973585705 29.806032867962863 11.019938568099883 23.789248124157506 25.7793418206124
40	18
32.38372098875502 56.43570984756675 57.452870787698274 14.814950769838465 24.266307007697996 30.223622736414388
22.483026426074442 60.15351845855511 56.81820504056627 35.723857942892636 25.26979466826172 24.946805991013164
35.282829589072094 66.28814702208636 70.77973245734215 47.687533859277984 30.592253439724292 26.251436729771687
14.324995898491185 53.34029143278274 66.27543476798436 9.352994566026636 13.992243821985001 23.766513125063483
15.001617054047633 91.02319551821145 47.993521827799015 15.100961129856188 8.098229928014794 25.099493562413876
23.406828554674632 93.18336680597251 44.50137081585555 35.8037984159349 14.228530023244716 24.36295435220056
11.353380786206271 54.411634143882424 66.63953820443504 38.07731205682542 7.546396846562688 29.004180899547592
21.011845896458382 59.40578237249801 56.728446588204086 28.795239064509527 54.43443476085708 26.336304539401386
6.32801894603321 38.87178966940317 81.89545708347548 33.140504414280265 11.840614657085117 28.53054013224815
11.904811843009423 72.29301149578288 42.99641959174735 35.84740069719882 40.2659740199078 20.189814519577627
24.735381769111886 92.3197459127785 72.37238049777105 27.441253337568718 49.740960553306294 24.3978594154586
31.471671324480806 53.62138577590223 67.9458554351841 63.04003372422471 22.177218986634056 21.97313961187905
22.558879695090774 53.36754118567402 65.92598522105439 52.523922242442595 12.013996325903788 23.762168225803666
8.905997106309895 51.73196772149647 48.441801873868286 19.146314732945616 7.539183642008169 28.453455566360166
3.9492946346622375 65.47809358000303 69.83955957483798 49.78823570319735 31.55656242607756 25.76105176678033
20.324830585316914 81.49868308858395 50.87322481996676 52.85009404389428 27.93679847527163 28.396858107812786
22.95928093224205 73.71895432585556 52.04068916147196 58.38889963229413 8.129126878903573 23.896101546145644
42.65586661354385 58.390482762301716 80.98845357312169 43.38067399471401 41.130626843673404 27.403939458114696
41	13
47.39356512204055 39.766778725564414 55.82946424644153 70.85606019427624 5.73918716937105 22.89231458909072
46.54386300091732 3.337198934509349 78.06747754068454 91.19145447210997 16.589645123536723 16.36301441004993
63.95347969403734 9.094689348194109 52.48990556077405 90.71983724940367 7.375374077531214 16.73529504113588
69.04487082375724 9.046771898349528 42.56704464882186 71.57374844168962 15.281351116556001 27.643341962201067
56.636871364853796 8.600258888748167 59.38089945037136 57.935210609817844 32.790337035440395 30.29273135596162
72.36218281316464 18.132677707664964 43.378908817860435 51.20137789609007 17.95291581642842 26.213425191425447
29.242380319460253 32.30431007131485 58.313964190985295 81.83703158078481 8.162684570215603 22.691801052683992
33.396653599182706 6.401267628285107 42.367199549548666 90.55493319550014 28.1080185822978 14.34569543205933
48.71667828847383 21.551980407281228 34.01396909331099 58.54652091573395 5.336727090559422 25.04587031001822
40.415184604932925 11.848375513660606 39.76218763423824 69.27834663094572 31.504352135937804 22.553636129182035
34.17118991688268 10.417591369045313 59.47314264728948 83.23570548558656 35.39197176060601 31.674571463484465
10.497215115465792 12.452945064233877 56.04458904373475 88.65187392443781 23.05286807922959 28.09521253968223
54.69577184665756 5.807360953498416 48.51504535364796 78.62807091614039 3.047755508287897 14.915420733796624
42	10
89.00346776182522 71.36203724603163 35.69041647139276 5.383504228230934 33.78598774661338 23.514934445212976
92.67149831959198 76.95602483917266 15.472825697119616 25.81984325544418 30.29761038281858 27.264571141435002
93.14550284100815 42.66755925253672 6.954859568979506 15.288897542522838 59.80446979833276 22.74852087205031
81.61456779805184 63.63671672679018 8.58025277489327 6.932427387759617 45.2750901344801 27.145017169291116
93.70683462850575 78.20589415914785 40.79912106316144 17.514074621885584 55.798462854462585 17.840091078994057
54.139162729610035 96.8233511106574 0.036812740392211385 19.965662799914806 39.018432334725794 0.0
95.7300026455748 67.19581942969006 24.935762386696357 22.227882429602325 64.93062168651541 21.20369336273855
75.96367044172456 68.8562429717304 9.971680346167288 37.36539990647794 35.87135542437849 25.04717302543145
87.2870153708451 94.46896316170087 12.304355106251553 17.514127440477314 14.517127171001158 26.917334714825866
75.44444678423153 87.4068668241344 11.239341696466397 4.856399315985093 34.85361694920501 17.953032871436285
43	19
47.875342243980164 8.692500377496197 56.2776152945422 15.287844936521706 37.25360229804716 29.459741133306533
47.80871412344942 4.820686833001188 41.17082785515994 59.12640210964245 34.29421072932192 12.371412061207483
24.31395233602487 11.201437329481974 50.56776293358962 37.13743829713145 19.938550575338812 27.174759052875945
34.96019944895322 33.347108016618975 39.85521258736174 5.540225849603669 6.373810152101347 34.29249893002045
40.077742482842815 22.46846814758301 43.43730745246793 52.109767729125 27.078970104308308 20.63685743743336
22.69728370808324 17.001063706177412 33.67627166869389 54.91574955876118 28.296302635413177 28.564538730795512
21.568769409933 23.279039176128883 75.71805724223678 38.87445564833419 34.31331301164452 28.758776824871106
26.06644194103907 6.402743409040047 12.86307117640748 65.40560212009176 19.001088416360936 27.50979264329408
10.730147822755198 26.713874185103403 60.61105596680445 57.82578381592682 20.586338129564016 25.94427648927959
25.77030615156364 12.382671364675174 68.57017085911748 6.100990155329035 21.81927323140673 29.922493983800937
16.824064758972405 23.31131794098051 91.91992755503793 47.059385634805096 15.41491459426112 30.2947472725154
34.72408575765644 10.567182700169106 89.31091744122548 13.817938960993331 26.216226495080168 30.87343453799239
41.03561768623765 6.127798554142528 85.59945647178085 51.895402640596956 34.30038308004703 27.13213137988435
38.4828278919296 16.961851494157045 40.74043772245859 10.67155227237248 38.53472869142881 25.588113567679603
29.907324687082532 12.599493475167188 37.488709953943065 22.043013867941212 7.405110190242951 28.90766147151008
44.132194615350734 16.39754590115244 13.887321029930945 48.8052102519381 20.53582364307619 18.1566942229872
35.534236045572364 13.253422628237727 70.11777297732253 46.247437696154826 12.273781096036283 30.677047945820785
5.289160309857127 13.537869518764557 28.282151560980413 60.08264597400491 24.309237727266744 25.87946449188079
19.70775694857754 8.217212219128788 61.08004699640133 29.6621065964419 43.6594914200958 32.12809176271761
44	13
46.52206271024332 7.350972763968587 13.917390274962976 63.84886347323728 73.76343257162927 26.68056627089462
47.49083068133698 40.40345376704573 17.811649271291977 87.85289563390826 85.79605103555129 25.107561542127353
18.797468125894365 11.347916725910098 12.60339899797821 93.08786477721011 81.48213659564031 27.822750729777255
19.695176635462 9.301264903326162 12.416501482007012 51.282247862141624 89.30467789827826 19.121706794541087
62.5030269527997 28.48477970231535 16.30147416935321 76.01351988049488 80.7781489892371 20.55941316023764
42.292322471370596 15.220275741756211 18.43967000537118 92.9580493808556 92.97944725114964 24.372908088804042
74.17446358557889 21.064956524927208 20.31316457034677 80.66240159859846 93.03089317844321 23.872307021020035
87.12890985698766 8.809270878694107 10.242678994982995 91.73394942941627 94.17263626439744 7.971519256430539
80.13853380261969 10.372561066674661 10.032088216359378 70.38695133328147 85.91136799582921 26.37884518804146
42.94724740182868 23.072013242720242 26.883382128266458 58.43350426444251 81.75676985832575 18.323797086404355
14.07969557875116 13.322432337306758 20.09829449525877 68.47104636440667 85.39069818229704 27.52779986487335
37.04536009556288 23.904185310958656 36.85794801704655 77.26515831020465 82.17253898347369 26.51560550856642
42.67324742753434 9.865829072441311 9.099819323614927 71.44187486359294 91.26142808514494 17.1980801803228
