76.66758540233897 72.68148184089519 82.53483111055837 78.16750604716637 81.633027846072 74.85398197816801 0
14.516971718804111 25.57723341988564 52.750298420312596 68.83598827671332 54.87103220639783 63.12204501727271 1
77.83263643397905 83.09504005401335 25.88583613954174 76.20362336389658 33.14479269085274 71.45244373642866 2
27.578071327203716 50.377104866452434 31.22882816863236 82.5513091807478 32.264618848779016 76.18629113243273 3
69.44954094430533 29.210486279877102 35.645374168045926 11.224983031739098 40.460704161850536 62.11374783793207 4
78.59470140638304 81.88638181429961 75.81124508412414 78.23418112493728 26.466086962600574 63.9101125532651 5
77.35805048764628 60.24948381573068 77.23102262797673 14.99290890148121 19.11389987206399 63.96216338384659 6
65.92112015128417 17.79279618935253 16.237273896902238 81.2335708077362 33.7654157537947 67.45749501199501 7
46.6360013954451 50.36674783896195 59.71193726539393 62.37383675615958 84.39200650447351 74.52272516228734 8
66.41727550820242 12.861562372112004 48.83562834855333 61.604953518348566 76.11196067109925 77.99741132247146 9
64.36944444859736 75.0173091523106 26.563010712318196 70.53203574604416 73.84148521211247 70.81134574148211 10
81.7323553514333 24.868245750336236 49.49914947607918 21.969703683317185 43.50121504359754 70.01613121479372 11
23.774331520106664 61.60075768799722 82.3134095092434 84.80125211311734 33.595105212689 92.59948043809122 12
85.61732308853853 36.019044935927404 24.82234840529265 72.56786060435911 42.98874209173467 74.09435656389697 13
66.82245425172185 68.51065127056188 67.16483136411277 41.1557694704192 12.169357462981854 61.22560406602898 14
73.33074666318639 27.749311103820226 84.15595966828872 76.33846995024156 17.799181711386204 62.39119346461963 15
29.597359297346486 72.79608627524986 86.66205877632758 27.24150590410595 23.637628224156984 70.01548164346104 16
58.22464819677106 75.45919027387576 50.357769534806415 78.85354796160243 12.437617141326612 60.80422279815994 17
23.404165352292598 65.06577959636095 83.97862354046197 18.58468048290243 64.61593060152848 68.83421482440993 18
71.59720564903287 36.04694859048331 19.788600142636568 27.90777660820756 14.776807235337417 82.50737638423814 19
81.36332654163485 21.67396191177794 81.72634281702891 54.28826138273934 52.63979741179466 72.63174725103792 20
25.194124971749428 19.404691771700254 40.25384071803427 31.01030348142812 75.19448552945741 68.39337600804089 21
14.683191174451066 28.078257533085537 64.22500202933699 15.289145077268195 57.95310713265477 69.12162963994416 22
31.1806705755071 29.695257530295915 13.720841022910758 63.355658360712 63.89178665071702 80.91424822091554 23
74.50450829813897 32.8293827578563 52.66130805495178 14.443318906282375 79.93927367870229 84.88802238528305 24
27.408083238813735 83.27080596264159 51.984755479853966 52.22707359627109 72.33899701583637 71.37374079601867 25
26.373625183317543 16.4409806394601 83.89701128036631 74.09615252809853 80.29869893136623 64.4003618740492 26
25.84496895961318 79.52569299115792 26.340206153462447 15.612842520520005 56.93168740984923 70.51118543483341 27
15.2638168611664 85.09280474091962 33.982077244614956 76.13469069347592 48.23410452003657 76.96934454717427 28
72.10292290331034 86.69974764296025 17.940624057535963 28.223981738879445 70.48401168712675 61.701299046530906 29
67.83291195378327 56.12808797937383 25.07501174965747 20.048400255834288 89.33717823429217 65.88667063931038 30
80.33584793929784 56.47412295231777 57.454603052677996 57.77612197757426 84.21465093267636 84.23591826074697 31
79.23479824593174 71.96156058017449 84.80444278954765 42.8196806440752 52.747987924474245 65.02109288559286 32
64.13171329844859 24.389478312769704 75.62898382914798 29.647323814216804 15.747120864263625 68.11467634440692 33
9.356707365848136 21.161232226698914 20.566904443067838 15.206421961335588 62.45820078791635 67.59621892076672 34
13.711616702017453 55.40079035785038 12.925939444380289 59.496211840154494 38.87390603156623 67.8592868631489 35
22.994087299586536 46.258367111892184 14.152932894207897 35.64660652118964 15.265144977573808 76.04349818453963 36
18.556452880813733 51.34320559620014 82.41093452301959 54.22228375058067 82.1518607905457 79.23476721120743 37
52.46299024307599 34.96810711754051 73.06927061997267 85.35007922562666 42.78245825794454 71.33885821435135 38
61.62517809293732 73.31384311394609 43.9543720395682 21.531008831706625 41.74635288491634 79.6880687221381 39
20.61345992464337 65.30740561774093 61.139385962354645 36.71688779599569 23.931069628062204 67.16601246538553 40
46.697685116140505 14.520169731565378 51.55413829059302 75.70847473173207 17.717937543538305 67.22198931139896 41
83.87061693209691 74.75794757215922 16.59854278515204 17.286821892830066 41.41527744825332 62.13089324979241 42
29.868745703676897 15.12017299880032 52.69337340765592 38.03205021661663 24.821324011633788 78.09879816798698 43
47.345257332766934 17.11691631061885 17.309035380526186 75.64910209013775 85.98463283764592 62.38839197999075 44
